6.821212227350777368e+01
8.175334922374641167e+01
8.027082400152696096e+01
7.925104080143114516e+01
7.613942213034623308e+01
6.869886025365869386e+01
6.502905434333496260e+01
6.230834475060846955e+01
5.925076769645625063e+01
6.554330527646793314e+01
4.909428914621443596e+01
5.934663091476465979e+01
7.053880378404349472e+01
4.438807349616349995e+01
5.241007151001150532e+01
3.699853167963946277e+01
4.058101273558638411e+01
3.879326968227250916e+01
2.796744544758786688e+01
4.708766190407799712e+01
4.235227939239982220e+01
3.536417907268590000e+01
3.749767233772319486e+01
3.260483034197737595e+01
3.171681729330027011e+01
2.168837760230575640e+01
1.692399681430275393e+01
2.531546318898643833e+01
3.639262932154348817e+01
4.062172682761109854e+01
2.691977061222258527e+01
3.312091617631737250e+01
3.731635850446331659e+01
3.718174391919798438e+01
5.099519002561022063e+01
4.013826665728709742e+01
5.461359286297194870e+01
4.949316972929085523e+01
3.782415611734366223e+01
5.163882009875649715e+01
3.812001201844257281e+01
5.956419617039063752e+01
6.259428241905033019e+01
5.973770251218512328e+01
4.862129012317478072e+01
3.413832239105039434e+01
6.194173222774351473e+01
6.488590340008745727e+01
5.210562619486650959e+01
5.562192244775059891e+01
6.527383321592506604e+01
5.980779585462128267e+01
7.508007355949263228e+01
7.128686550477050332e+01
7.366989945146124796e+01
8.241429302358025666e+01
6.544451954857177611e+01
7.568801824660557998e+01
8.026824349401597658e+01
7.200179042887212688e+01
7.453732112005330634e+01
8.586994518220350869e+01
6.650712634761987374e+01
8.950747364780349358e+01
6.521084150135153834e+01
8.922359198844330308e+01
7.622298885960573500e+01
7.720231437397893615e+01
8.275896510406766993e+01
8.319981878231635619e+01
5.854202675980964443e+01
6.859747251497435627e+01
8.370030630594065713e+01
7.839838500289387468e+01
7.920524185205478318e+01
6.914253068792420720e+01
9.049088885779816849e+01
6.568104126386585051e+01
5.472544545821645556e+01
6.642838085436594042e+01
8.139469481615250857e+01
6.876700420311568962e+01
5.814009031739026057e+01
6.651277780069018775e+01
7.569186362092287368e+01
6.668870186195371730e+01
6.678768046375562051e+01
6.854407493077322044e+01
7.329590099273782755e+01
6.922865164697167017e+01
7.694707726687251181e+01
7.978833692595509319e+01
7.758435645926525126e+01
8.717252426733827519e+01
6.325874447398977196e+01
9.069970150549426080e+01
6.622882311903823904e+01
8.025372810230661003e+01
7.245276503446656591e+01
6.068480406073264533e+01
7.001168196606501226e+01
7.547280661001045132e+01
6.879286522244886726e+01
6.313088211636723912e+01
8.058240273618596916e+01
7.430578942876685744e+01
5.761246624855257892e+01
7.086394029289840546e+01
7.413523390797929835e+01
7.583609200262409900e+01
6.798476748022753213e+01
6.542072575142768187e+01
7.718067671589524537e+01
5.768262913980581175e+01
8.100987997819909481e+01
6.568328252213507312e+01
6.316932625282608171e+01
7.488037142037282479e+01
8.306676773062056895e+01
7.696367874491056682e+01
7.266944726721908410e+01
6.598341437759046357e+01
8.047993294890360971e+01
7.030490974835731777e+01
7.816479800093057406e+01
6.661773505621383151e+01
7.311843760373518819e+01
7.732814961099333573e+01
8.054658429899485839e+01
6.000296714425208222e+01
7.805055082772784658e+01
7.742858076458179539e+01
6.563296513118035591e+01
7.949034193636438772e+01
6.831908687827794324e+01
7.358954747941689334e+01
6.877834500983109933e+01
8.365341174403222624e+01
5.826469413933219954e+01
7.584880504241439780e+01
8.301733255031612657e+01
6.530133018392882605e+01
7.683629077934112672e+01
9.050686380464853187e+01
8.433002598789721560e+01
6.695538888604686178e+01
7.176551232741461206e+01
7.206301290403459348e+01
5.943224481755629540e+01
7.301077794608178806e+01
6.752774935732264794e+01
7.465046952198542840e+01
8.019521564991603668e+01
7.521025449385493289e+01
7.135388419721792275e+01
8.116787987373825786e+01
7.150131635284353138e+01
7.949539815423248967e+01
6.669601205883546413e+01
6.664018049283357925e+01
7.916907404585175811e+01
8.081733659933109948e+01
6.507501960270552388e+01
7.273818782898932511e+01
6.098518272947221419e+01
7.481767513381582546e+01
8.007969049917124948e+01
6.710214174923093822e+01
6.504888433437531603e+01
6.709374155092274350e+01
5.633691892013849412e+01
6.770451585472282829e+01
7.644335388155784017e+01
7.784260666745070978e+01
6.323349641978217051e+01
7.252370313894682852e+01
8.453564460368630762e+01
7.043794850280521302e+01
6.142375235899702091e+01
6.698967310201855696e+01
8.877559389101111265e+01
7.329002029206671409e+01
7.107504458124034841e+01
7.761109087305558774e+01
7.862658616335195916e+01
7.131448705865132354e+01
7.579849779734195181e+01
7.768653858630629827e+01
8.372761542403470969e+01
7.031408010242915907e+01
5.330975010196427633e+01
6.476902435031561822e+01
6.839059371188638181e+01
7.820919828160306508e+01
8.116666357759822858e+01
6.909398234852670839e+01
7.830305873675051487e+01
6.657279570275278502e+01
9.015825561977703728e+01
6.912401146120950557e+01
6.898490040364350762e+01
7.445314736629472918e+01
8.081345054049005228e+01
7.050462116230933418e+01
5.998183488247084938e+01
8.320285156897293177e+01
5.463693717757294621e+01
7.680430254032286541e+01
6.510935449493781846e+01
7.098689861674408519e+01
7.846152994409384007e+01
7.590366464963393867e+01
7.277669141157659283e+01
7.761492042929768331e+01
6.518993001276257360e+01
6.879614462039661760e+01
7.202536663676950468e+01
7.872523776017511921e+01
7.841871420933225068e+01
6.970707925797375992e+01
6.399020525772804291e+01
6.810803427803689658e+01
6.809482083376185813e+01
6.321263020469935867e+01
6.264676148914622189e+01
7.761503008159178307e+01
6.889940441507903301e+01
6.791661542454049538e+01
6.802879748648705061e+01
6.572274461192552053e+01
6.676511725695971222e+01
7.453202215008762721e+01
5.880973554318028818e+01
7.019819268338082452e+01
7.733720786088933608e+01
6.530122618471642681e+01
6.918668579086239845e+01
7.190307156120343279e+01
5.700502189011946541e+01
7.255484160563406704e+01
6.773195712498534249e+01
6.787366002410601595e+01
7.778228427063316985e+01
7.209729736178084636e+01
5.762290016184670804e+01
6.000279789050181023e+01
5.927707216010462332e+01
6.707789525685141996e+01
7.226873190498233157e+01
8.420854285724351485e+01
7.803539700459791106e+01
7.451453942650030626e+01
5.957900808636085799e+01
7.265153023417386180e+01
8.159422948511668494e+01
7.328786451651242828e+01
7.242777188376598474e+01
7.808185996659902628e+01
6.641740636780104978e+01
5.929664346684352694e+01
7.185770517267371815e+01
6.377949417576885338e+01
6.117843650641963649e+01
8.424551297828435281e+01
5.876898471972129556e+01
7.312011103093500708e+01
6.314244573069181854e+01
5.766502308210803562e+01
6.464054357465505518e+01
7.034602485239130942e+01
7.346770937215723052e+01
5.897704804642303600e+01
7.407575880184863593e+01
6.891216654916212292e+01
7.091972145629679858e+01
6.675677181337756849e+01
6.613537674941316880e+01
7.374065839982363002e+01
6.227412296207874220e+01
8.339212892208627181e+01
7.249142079988016008e+01
7.749556552418405886e+01
8.033411505278309050e+01
5.985743254714999750e+01
8.567415102837915697e+01
7.749645804661211912e+01
7.454360571080049169e+01
6.457420289474370634e+01
7.263393784170693834e+01
7.264270307738878785e+01
6.592792468721530952e+01
6.455518700228108742e+01
7.497025078703866541e+01
6.472338771315148165e+01
5.533018454649848650e+01
7.061128046945654546e+01
6.235726354215736933e+01
6.603747870412254883e+01
6.179795626927506902e+01
8.512712205270608479e+01
6.243112752651681774e+01
7.603385594460948482e+01
6.122279222522406172e+01
6.221915149705948522e+01
7.977132022531280597e+01
5.675793726591567179e+01
7.103770222085317698e+01
7.607587265477522465e+01
7.035035275109466113e+01
7.521964914149469905e+01
6.811914112187366754e+01
6.545750323442753427e+01
7.615666285091243992e+01
6.853225416976628992e+01
7.501209722176781725e+01
6.509030312212097158e+01
6.294870918399819004e+01
7.035492081946850362e+01
6.668299357596812627e+01
6.424220088754688618e+01
6.305582647885776737e+01
6.079256290259096573e+01
7.686366849325671069e+01
6.509341616626910820e+01
7.522832987115322112e+01
6.416666363413544616e+01
6.305765776101066677e+01
6.923245732035549338e+01
7.145421660453150992e+01
6.077686635005704119e+01
6.634625744948546355e+01
6.125192777745996864e+01
5.795237262857671112e+01
6.808816989486300031e+01
7.904863160197662353e+01
6.536622524748831609e+01
5.149077386093524922e+01
6.493203888445437144e+01
7.729481388532403230e+01
8.047521951955002351e+01
6.876136996986771521e+01
6.326492376350997660e+01
6.878655714680120070e+01
7.190022672775390333e+01
5.849286422912861383e+01
5.743469776842551511e+01
7.215678346621483286e+01
6.636088375640188985e+01
7.516494436211776531e+01
7.313504152545250747e+01
7.921996870643927480e+01
6.368567234693505696e+01
6.244061405862493785e+01
6.255083454705476953e+01
7.049589421919672816e+01
6.171057665298554440e+01
6.784059801049207294e+01
7.595374164225535196e+01
6.382994676623479791e+01
5.873977056086246051e+01
6.451655109744014283e+01
6.404119740606036260e+01
5.592067166265314171e+01
6.553171093903731048e+01
7.512163991214271164e+01
6.295115270322761347e+01
6.749056227331537627e+01
6.925531011864485720e+01
6.509523193745019398e+01
5.373752859513241020e+01
6.239803783174654939e+01
6.253186957271220336e+01
6.611858582094730252e+01
6.946515897403048712e+01
6.393565753038726740e+01
5.485140892059034456e+01
6.359005015764391544e+01
6.844361109977188562e+01
6.228230158670353944e+01
7.073013281884219339e+01
7.066753058270423082e+01
7.537525643044965307e+01
6.104188174449235760e+01
6.765992138917722798e+01
6.296438535450584340e+01
6.426291591015007043e+01
7.840156303762266532e+01
6.773623926193775446e+01
7.654254451792792224e+01
5.948855945397923506e+01
5.884163313667126260e+01
7.191825184523555947e+01
6.960429670172301542e+01
7.320352792334959702e+01
6.642161558584966485e+01
6.808561568082770066e+01
6.315355223138767116e+01
6.948347036899174611e+01
6.630690711909853974e+01
5.779846736421361442e+01
5.998369029421171916e+01
6.343270539817125098e+01
6.439543980586137195e+01
8.159789899426897364e+01
6.485674785533139186e+01
6.431830443117709706e+01
7.337074031760434423e+01
6.981755376152487713e+01
6.348689711368793809e+01
6.370366893747150527e+01
5.884466429533717502e+01
6.707756724546679550e+01
5.856231252181184033e+01
7.919906011435330129e+01
5.635414612806162893e+01
7.307232388005652979e+01
7.044265301637562970e+01
6.382099489529709757e+01
6.301023669678374262e+01
7.301101933089471174e+01
7.100899260328748142e+01
7.234589030192883286e+01
5.942193034439456767e+01
5.871224448726759704e+01
6.605489854459122512e+01
7.218100481413459590e+01
6.472226812687461006e+01
6.082853431538858047e+01
6.932995124215956650e+01
5.423267211884871841e+01
6.371477549392349005e+01
6.072628411250288849e+01
6.145419533219460817e+01
7.112407395100345298e+01
5.829813771189405713e+01
7.034620902751372284e+01
8.022603303933441055e+01
7.047464612692049002e+01
6.856285973477923790e+01
7.821985873191570704e+01
5.898202420445327476e+01
6.500373803662071737e+01
6.378997538512606980e+01
6.369919457520025219e+01
6.241264422908336940e+01
7.031268970981042798e+01
5.980767702184066792e+01
6.077464137789689858e+01
6.828231312409297971e+01
5.753085191053079939e+01
7.239239021815842534e+01
6.690256956847275660e+01
5.934248590505829668e+01
7.506566962998610393e+01
6.488539828092963546e+01
6.745858542606472952e+01
5.741198979513215050e+01
6.882780211052283903e+01
5.547359094879965369e+01
5.856903919914457646e+01
6.056132690851016775e+01
7.111280484662599122e+01
7.294267590436638216e+01
5.877773142963144437e+01
6.536738065629916150e+01
7.143132940168170819e+01
6.093662020330290829e+01
6.592289694066097638e+01
4.876570421042346481e+01
6.313907843743267989e+01
5.802101868699098475e+01
6.296042310799998631e+01
6.927919789525793703e+01
5.806259564795718831e+01
7.343037687189698204e+01
6.543109908584109746e+01
6.906088005485196391e+01
6.031779806870016358e+01
6.575031103332825921e+01
7.038061707016261437e+01
5.784300832663301151e+01
6.225928105220492625e+01
6.252268746841506442e+01
6.904194404496978166e+01
5.482476957097327386e+01
6.388445886674022489e+01
5.691098115099936194e+01
6.690671836550984608e+01
7.072278783294245841e+01
5.235839664634738000e+01
7.151967386038714380e+01
7.029921140946083824e+01
6.228945024255851592e+01
6.817995360874171240e+01
6.307973327500551619e+01
6.255166646271166542e+01
4.646321348871508405e+01
5.671894843598864355e+01
4.886835874188405882e+01
6.759609188046093209e+01
6.392813149146593332e+01
6.434215914547438331e+01
6.797707486155994161e+01
6.925410607501061122e+01
5.604807971713053405e+01
5.956463464213394587e+01
7.325162146639449645e+01
5.630814817453655508e+01
6.139975986795266749e+01
5.776094214670864346e+01
7.972222005318802474e+01
7.209492793122792875e+01
5.953885141134060888e+01
6.538347183102347060e+01
7.549811410655968302e+01
7.433954319773937414e+01
7.002893580885540814e+01
6.961173067299331763e+01
5.946239511023075863e+01
7.172610451356221972e+01
6.696415555854522950e+01
6.350418534544731841e+01
5.631911499243102526e+01
6.752949301320096254e+01
7.177348865988628290e+01
4.998745820895172187e+01
6.674727908980402447e+01
6.371217614589331646e+01
5.353970771352539515e+01
6.303623890284275433e+01
5.884828445235129379e+01
6.041249377918122576e+01
6.456701883729381564e+01
5.467372944573840243e+01
6.378797384607293708e+01
6.491266106022698068e+01
6.851224603060295237e+01
6.502686729268319255e+01
8.355679708011709295e+01
7.618550480990720075e+01
5.251361298761450769e+01
6.392532430393096377e+01
7.029703027052612185e+01
4.684537596115838198e+01
6.467683177722449273e+01
5.254842638208622674e+01
7.029175821912019728e+01
7.434701560283852473e+01
6.712040549450929916e+01
6.528542024146571521e+01
6.745961346400369507e+01
6.161218554574434592e+01
6.184552791544417971e+01
6.551563707523077085e+01
6.424391383672330846e+01
5.880941366247046886e+01
6.855293213577033384e+01
6.169633724870749347e+01
6.532329244590781059e+01
6.168608578967774747e+01
6.310239398224758389e+01
6.889953619128299067e+01
5.537416924135962404e+01
6.472732095561447352e+01
4.716079787048560945e+01
6.058512055112090167e+01
6.193134545953935799e+01
5.771625312291837417e+01
5.136800346690755248e+01
5.781743215481986908e+01
5.143588438756484749e+01
7.857034707078111069e+01
6.785464111560447975e+01
7.260535643083792934e+01
6.275222673213263391e+01
5.505560842877451933e+01
5.898694792100671691e+01
6.336112727836097491e+01
6.734780995257574432e+01
6.369612369389260209e+01
5.387442678238025451e+01
5.941058673568213067e+01
6.521972962979354804e+01
6.793941526462012348e+01
5.645695308850623917e+01
6.508247447978232003e+01
6.771771295151506820e+01
6.155343483653927450e+01
6.007095204480874884e+01
6.504114155221112981e+01
6.013111004879365140e+01
5.562237570100261763e+01
6.220300040675262920e+01
6.785804024141070556e+01
6.194349585318485651e+01
5.133531925806249063e+01
7.389430698660304131e+01
5.971946926806310074e+01
6.583939052944840853e+01
7.166450300225631054e+01
6.399407306015210395e+01
7.499952973471469875e+01
6.430972042482123641e+01
6.623763056953946204e+01
6.399887984767804738e+01
5.576264799092102464e+01
5.308897725195867423e+01
5.143030049119194302e+01
6.284431644843138542e+01
5.683381336924792748e+01
6.194747346499114826e+01
6.243051348856084104e+01
6.397807715973199549e+01
6.895224989279398642e+01
7.218382587230495062e+01
5.129630709268730016e+01
6.353443265870779300e+01
5.315763969510082632e+01
6.362276762356671611e+01
6.263638458308128065e+01
6.495583194628395063e+01
5.971409962110841008e+01
4.268424445753952057e+01
5.364274110434783438e+01
5.704785320456347364e+01
4.176469294044403568e+01
6.486546107875501832e+01
4.981950975692521411e+01
5.896760137611582309e+01
5.897956244267289350e+01
6.543255321908006295e+01
6.701758442080955547e+01
6.375592301134798134e+01
6.150537940714021801e+01
5.105767996894337557e+01
6.535008429763897198e+01
7.434755985822624780e+01
5.897114696010648061e+01
6.157904304993012801e+01
6.011064251439406547e+01
5.967302529342212125e+01
6.652260659501648377e+01
5.573373793158568645e+01
5.512455604927951924e+01
5.370429592644217109e+01
6.380714134194961673e+01
5.408130366417567814e+01
5.752616860695248846e+01
5.805172184048043960e+01
5.329136357938376278e+01
4.800963508702498217e+01
5.015181190843352255e+01
5.622820160367282227e+01
6.665040983569397781e+01
5.477602825348879634e+01
5.575694606631550698e+01
6.112202925535839881e+01
5.977165748557479219e+01
5.656454993984066704e+01
5.620620013304069573e+01
7.369340564981891362e+01
4.979240566255613487e+01
7.233180677374863876e+01
6.262881872790273263e+01
5.757631796784773570e+01
6.682411902586204633e+01
4.932220122704962506e+01
5.523917942879273824e+01
5.129631304711961803e+01
6.142564160601098422e+01
6.229388309336700047e+01
5.215817130105304500e+01
6.062063868783718590e+01
4.757713700229071918e+01
5.532421198188591660e+01
6.605405451564915609e+01
5.246000693286534045e+01
5.683539115760161309e+01
6.068823948880287134e+01
5.893440811214736641e+01
5.735072788483964246e+01
6.171275707039590941e+01
5.874162958732507178e+01
6.135268084844523173e+01
5.683371189596018525e+01
6.163083835289594248e+01
5.422902565672316655e+01
5.720838674899422216e+01
5.155953891762664654e+01
6.923701883553887626e+01
5.911789094247456688e+01
5.897752464795995309e+01
6.470634268419860291e+01
6.655160935362350472e+01
6.341365303130034192e+01
6.922944931667643687e+01
4.824573831071958097e+01
6.370652103594947846e+01
6.007459285857546405e+01
5.051350651198149677e+01
5.927770852045105698e+01
5.545967388458063851e+01
5.283023105474573100e+01
6.469816570904833952e+01
6.047450208645656033e+01
5.642883106624257294e+01
5.282791988800418181e+01
5.554813489461034948e+01
5.757439143326345032e+01
6.698646601619599039e+01
6.504634509350003668e+01
5.246077459921068709e+01
7.570119477428164600e+01
4.380123768674027929e+01
5.316507150055456066e+01
6.432185768565723549e+01
4.620004848194054858e+01
6.068363905165792715e+01
4.967645135338234041e+01
5.162836894161265633e+01
5.280401490689071409e+01
5.107607202692810233e+01
5.926602800781282099e+01
5.291869235269655292e+01
4.249440439012428783e+01
5.320828736332256170e+01
5.793946037142298167e+01
6.184289607605085592e+01
4.941475091477059323e+01
5.665439593198949808e+01
5.622004077307509817e+01
4.721181762170104435e+01
4.737895839053157943e+01
4.488304189487839579e+01
5.471403778753954583e+01
4.789996830489887714e+01
4.986222264654416136e+01
6.471660878609726808e+01
5.227647463932406424e+01
6.595696745604898581e+01
5.567212873300348264e+01
5.181733545299686483e+01
5.856247439066261506e+01
5.874231683382266311e+01
6.413488462445802440e+01
3.907986583992901330e+01
5.468794264482566092e+01
5.710620438706646240e+01
5.006057941551792112e+01
5.550136261882688160e+01
4.673244833395332876e+01
6.648824897594802508e+01
6.173060751624363718e+01
6.152529014455686962e+01
5.790017794085982672e+01
5.477200628871119648e+01
5.691997918174201487e+01
6.144588414878279536e+01
5.304330621247170541e+01
4.556196914299417955e+01
5.219377261974464943e+01
6.182373428120831704e+01
5.715479816733247276e+01
6.777249939360622477e+01
5.919498606395155349e+01
5.502131076976404955e+01
5.029214035477492928e+01
5.829596396063718089e+01
5.265099783442175152e+01
5.798566482410382150e+01
6.607010056627157724e+01
5.846619520238210299e+01
5.911706873557452724e+01
5.025274736254574748e+01
4.733683021595617646e+01
5.856233214265322573e+01
5.319162393381810716e+01
5.450821484000217509e+01
5.417816355082992175e+01
6.436316934562091774e+01
6.001448353543118941e+01
3.986349240793641258e+01
5.337640640892810495e+01
5.794989286165737497e+01
5.301391558899548784e+01
5.315462963998410117e+01
5.178677475217465798e+01
6.452001392512507039e+01
5.607998670148968756e+01
5.665478901692075198e+01
5.343741768814439297e+01
4.874674264450315775e+01
6.192483201604744636e+01
5.268701788222039539e+01
5.909050942999680700e+01
5.440268682969389857e+01
6.145414001484078170e+01
4.716849054794239748e+01
5.007268443775986810e+01
5.245810172458526921e+01
4.068516889117303492e+01
5.706817082696723986e+01
4.915245807517543142e+01
5.420590815550885821e+01
5.320455264722811961e+01
4.799345512140699554e+01
5.433704710189582698e+01
5.567938316446856817e+01
5.610886153169418833e+01
7.003749347754620658e+01
5.934915647328536181e+01
6.395077425531015081e+01
5.684228924732516930e+01
5.102364242888776147e+01
5.194559640212004581e+01
5.349265358939862836e+01
5.065447374260628521e+01
5.185276985841912989e+01
5.898159366756748057e+01
5.432911412693378850e+01
5.906113110466845484e+01
6.725717906444498340e+01
5.210578031322612702e+01
5.511461961402855536e+01
5.468825581507019251e+01
6.012955308914480668e+01
5.579694360990529134e+01
6.497240706240411612e+01
6.422206411789709080e+01
5.496551473048786818e+01
6.957591879198946572e+01
4.769673581333234580e+01
4.287965912728297013e+01
4.726871912187590397e+01
5.683250598649104290e+01
5.375515157894467677e+01
5.245801961073910036e+01
5.891438172430068221e+01
5.944944585706279128e+01
5.248563374950209948e+01
5.880203195093085355e+01
4.668723274095103903e+01
3.776976596487897808e+01
6.050399581979085184e+01
4.625839947592868384e+01
4.856719609813318073e+01
6.475610185893052062e+01
4.174012465804103300e+01
5.270214966815976254e+01
5.513948931001219478e+01
7.261299013676979541e+01
6.118100446810334603e+01
3.915591888923458441e+01
3.948982485835848877e+01
4.323900489950851522e+01
5.701439393536008282e+01
5.848087003639255244e+01
6.402447633957845596e+01
5.326188834909498127e+01
5.228777364611211453e+01
6.005356226029914524e+01
5.510190221847472714e+01
5.626109500814764885e+01
5.478305082835097295e+01
5.980989543989267077e+01
6.508865110656331865e+01
5.411188172234040650e+01
5.192798773639236032e+01
4.107475868930497143e+01
3.552955384976562669e+01
3.978423979443738290e+01
5.535759000400451413e+01
3.964029356698176798e+01
5.736665027800142980e+01
4.354192479776148161e+01
5.162272699775036955e+01
5.482126779988142573e+01
5.968566316040810449e+01
6.525552369459589386e+01
4.217749697958744548e+01
5.797434069540595658e+01
6.422963448218646931e+01
5.454587087013602797e+01
6.299573024129590237e+01
5.982995579760101634e+01
5.268878284924549860e+01
5.010887485614735226e+01
5.813408640467791599e+01
5.114551091697808261e+01
5.449999989226532904e+01
4.969236098869550489e+01
4.758896961145021720e+01
5.094016471342455787e+01
4.968059922348368929e+01
5.257532202061174331e+01
6.442667117162062596e+01
5.712898114811280692e+01
4.862064783985949390e+01
5.864321316690796948e+01
6.512490862107080147e+01
5.442515339867217250e+01
5.471573725051050729e+01
4.911124241035282978e+01
6.247807416293570526e+01
5.592170788048066044e+01
4.484638701357708612e+01
6.276905596901908524e+01
4.189055809267361496e+01
4.413346317745877911e+01
5.497326870502253371e+01
6.166555365671608513e+01
5.517779935274322156e+01
6.166518841613359569e+01
4.859881591403797074e+01
5.056915113568744147e+01
4.858396834438397605e+01
5.661656076107115609e+01
5.317591606011003336e+01
4.437080361395715755e+01
4.522752446625899125e+01
5.154190842717530785e+01
4.120392814066541831e+01
4.720438043951787677e+01
5.649079535489494219e+01
6.403569268920486479e+01
6.179966474978824920e+01
4.352911340512002170e+01
6.343261495275494610e+01
5.824165804054827333e+01
5.619740913713022934e+01
4.800317415410617627e+01
5.750112199793200318e+01
5.018422825665108178e+01
6.157003944161812115e+01
6.018370026061364086e+01
5.808354363309759094e+01
5.062819606558871754e+01
5.300989443930223644e+01
6.082159120966806398e+01
3.749846418476548138e+01
6.579462305859956928e+01
5.539608942603179997e+01
4.885682848682058221e+01
6.329591770471941459e+01
4.865851957628178326e+01
6.352550724951398564e+01
5.006390953104031638e+01
5.291474071564102388e+01
5.314764105105296466e+01
5.383218718391915303e+01
5.553727846327591777e+01
6.009744809085279371e+01
5.152044394494723178e+01
5.767718702521750629e+01
4.555965713124938077e+01
4.305935276061300954e+01
4.618635346139477349e+01
5.326654947689026898e+01
5.618861692497959837e+01
4.852625428551886699e+01
5.942728190140668687e+01
5.169747104695446183e+01
4.556653986999304351e+01
5.118451277275133293e+01
4.374101978803609114e+01
5.834025135303018317e+01
4.754010677413537422e+01
5.728979294082607510e+01
4.360551211374363589e+01
5.781059466334902908e+01
5.239791894802532823e+01
5.627403978894421499e+01
6.321185496552440952e+01
5.768857293389915242e+01
5.361755484317118459e+01
4.857863505458195164e+01
4.295005742095026591e+01
5.199499602088273065e+01
5.618021830645202641e+01
5.022914191588817800e+01
5.686178684380426063e+01
6.216868013000733129e+01
4.602708327099384178e+01
5.596355398158694783e+01
4.184023006402317435e+01
4.271066557240285988e+01
5.400261778360643916e+01
4.612247549879651132e+01
4.715074746789250781e+01
4.787731731739814478e+01
4.644345400643473454e+01
4.881277626644211409e+01
5.196549811271724195e+01
5.195737326956265889e+01
4.548033394919026762e+01
5.538168772564241493e+01
3.685758994573767922e+01
5.163140042114046935e+01
4.903800481341714601e+01
5.230267921377158302e+01
